  0.9943323058566158E-03   128.0032443090933    
  0.1006986806590306E-02   127.9444218319558    
  0.1019802356490233E-02   127.8841765377121    
  0.1032781005169770E-02   127.8224637015593    
  0.1045924828326962E-02   127.7592619309022    
  0.1059235928076505E-02   127.6945254915713    
  0.1072716433285927E-02   127.6282314134723    
  0.1086368499916070E-02   127.5603329196808    
  0.1100194311365900E-02   127.4908054449108    
  0.1114196078821690E-02   127.4196011385151    
  0.1128376041610668E-02   127.3466938242801    
  0.1142736467559154E-02   127.2720345504704    
  0.1157279653355261E-02   127.1955955172674    
  0.1172007924916200E-02   127.1173266483155    
  0.1186923637760273E-02   127.0371985109585    
  0.1202029177383603E-02   126.9551598843176    
  0.1217326959641634E-02   126.8711796988250    
  0.1232819431135512E-02   126.7852055743126    
  0.1248509069603383E-02   126.6972048040461    
  0.1264398384316643E-02   126.6071238395254    
  0.1280489916481264E-02   126.5149283429153    
  0.1296786239644209E-02   126.4205635945852    
  0.1313289960105028E-02   126.3239936376624    
  0.1330003717332681E-02   126.2251625857031    
  0.1346930184387674E-02   126.1240328826202    
  0.1364072068349577E-02   126.0205474876037    
  0.1381432110749957E-02   125.9146672729837    
  0.1399013088010842E-02   125.8063340650447    
  0.1416817811888768E-02   125.6955072017866    
  0.1434849129924451E-02   125.5821274083039    
  0.1453109925898212E-02   125.4661525356098    
  0.1471603120291176E-02   125.3475222503796    
  0.1490331670752368E-02   125.2261929759719    
  0.1509298572571708E-02   125.1021033760021    
  0.1528506859159070E-02   124.9752085179936    
  0.1547959602529425E-02   124.8454461316470    
  0.1567659913794137E-02   124.7127700150741    
  0.1587610943658538E-02   124.5771170483658    
  0.1607815882925836E-02   124.4384398619411    
  0.1628277963007402E-02   124.2966745874375    
  0.1649000456439593E-02   124.1517728068865    
  0.1669986677407136E-02   124.0036700226413    
  0.1691239982273158E-02   123.8523169063614    
  0.1712763770115983E-02   123.6976484703158    
  0.1734561483272751E-02   123.5396146343260    
  0.1756636607889968E-02   123.3781500815884    
  0.1778992674481029E-02   123.2132041607944    
  0.1801633258490875E-02   123.0447114103303    
  0.1824561980867823E-02   122.8726208128936    
  0.1847782508642657E-02   122.6968669715860    
  0.1871298555515110E-02   122.5173987339092    
  0.1895113882447812E-02   122.3341510044770    
  0.1919232298267769E-02   122.1470727545305    
  0.1943657660275525E-02   121.9560994558663    
  0.1968393874862066E-02   121.7611804920153    
  0.1993444898133585E-02   121.5622521985737    
  0.2018814736544170E-02   121.3592646917259    
  0.2044507447536572E-02   121.1521555002497    
  0.2070527140191133E-02   120.9408758265873    
  0.2096877975882935E-02   120.7253647565814    
  0.2123564168947345E-02   120.5055749678008    
  0.2150589987354035E-02   120.2814475033116    
  0.2177959753389543E-02   120.0529369412376    
  0.2205677844348558E-02   119.8199867194389    
  0.2233748693233978E-02   119.5825537804254    
  0.2262176789465913E-02   119.3405844333298    
  0.2290966679599650E-02   119.0940384877481    
  0.2320122968052812E-02   118.8428656403734    
  0.2349650317841761E-02   118.5870291107496    
  0.2379553451327335E-02   118.3264825396524    
  0.2409837150970117E-02   118.0611931395244    
  0.2440506260095319E-02   117.7911190921427    
  0.2471565683667352E-02   117.5162322260012    
  0.2503020389074300E-02   117.2364959007105    
  0.2534875406922382E-02   116.9518872229367    
  0.2567135831840471E-02   116.6623754056228    
  0.2599806823294909E-02   116.3679435334673    
  0.2632893606414658E-02   116.0685673848871    
  0.2666401472826989E-02   115.7642367574571    
  0.2700335781503743E-02   115.4549347406527    
  0.2734701959618422E-02   115.1406586115567    
  0.2769505503414183E-02   114.8213995458000    
  0.2804751979082825E-02   114.4971630931566    
  0.2840447023655017E-02   114.1679493146544    
  0.2876596345901859E-02   113.8337728466847    
  0.2913205727247858E-02   113.4946434520365    
  0.2950281022695585E-02   113.1505856805810    
  0.2987828161762067E-02   112.8016198217972    
  0.3025853149427122E-02   112.4477811695918    
  0.3064362067093720E-02   112.0891013633142    
  0.3103361073560600E-02   111.7256272635325    
  0.3142856406007283E-02   111.3574026686003    
  0.3182854380991557E-02   110.9844868071088    
  0.3223361395459711E-02   110.6069364168515    
  0.3264383927769630E-02   110.2248238587636    
  0.3305928538726856E-02   109.8382195447356    
  0.3348001872633886E-02   109.4472096773813    
  0.3390610658352803E-02   109.0518790122240    
  0.3433761710381457E-02   108.6523282267384    
  0.3477461929943278E-02   108.2486570025366    
  0.3521718306091025E-02   107.8409810259480    
  0.3566537916824574E-02   107.4294153751987    
  0.3611927930222878E-02   107.0140911540828    
  0.3657895605590385E-02   106.5951391687293    
  0.3704448294618059E-02   106.1727061951187    
  0.3751593442559102E-02   105.7469389295125    
  0.3799338589419710E-02   105.3179998897577    
  0.3847691371164981E-02   104.8860516232002    
  0.3896659520940102E-02   104.4512722410389    
  0.3946250870307157E-02   104.0138398673668    
  0.3996473350497626E-02   103.5739478050609    
  0.4047334993680872E-02   103.1317892095880    
  0.4098843934248693E-02   102.6875718848470    
  0.4151008410116292E-02   102.2415031651582    
  0.4203836764039808E-02   101.7938043392625    
  0.4257337444950536E-02   101.3446957245946    
  0.4311519009306207E-02   100.8944107177709    
  0.4366390122459460E-02   100.4431810457711    
  0.4421959560043658E-02   99.99125044184100    
  0.4478236209376420E-02   99.53886005940421    
  0.4535229070880976E-02   99.08626177334675    
  0.4592947259525649E-02   98.63370374398313    
  0.4651400006281579E-02   98.18144334514375    
  0.4710596659599071E-02   97.72973286779275    
  0.4770546686902740E-02   97.27883207856233    
  0.4831259676105596E-02   96.82899405534961    
  0.4892745337142483E-02   96.38047738266937    
  0.4955013503523036E-02   95.93353211523163    
  0.5018074133904313E-02   95.48841162019377    
  0.5081937313683539E-02   95.04535866879144    
  0.5146613256611063E-02   94.60461694008644    
  0.5212112306423899E-02   94.16641724607938    
  0.5278444938499959E-02   93.73098871664295    
  0.5345621761533428E-02   93.29854516947059    
  0.5413653519231463E-02   92.86929600221156    
  0.5482551092032390E-02   92.44343272537104    
  0.5552325498845863E-02   92.02113959453268    
  0.5622987898815168E-02   91.60258033192763    
  0.5694549593101866E-02   91.18790853918627    
  0.5767022026693243E-02   90.77725464142702    
  0.5840416790232708E-02   90.37073612911360    
  0.5914745621873551E-02   89.96844476698776    
  0.5990020409156179E-02   89.57045672173550    
  0.6066253190909341E-02   89.17682008657309    
  0.6143456159175560E-02   88.78756495962507    
  0.6221641661160953E-02   88.40269134279147    
  0.6300822201209978E-02   88.02217924295947    
  0.6381010442805311E-02   87.64597701080520    
  0.6462219210593071E-02   87.27401154277189    
  0.6544461492433915E-02   86.90617713048366    
  0.6627750441480259E-02   86.54234584508249    
  0.6712099378279799E-02   86.18235697027207    
  0.6797521792905946E-02   85.82602765110822    
  0.6884031347115288E-02   85.47314298242860    
  0.6971641876532595E-02   85.12346700031736    
  0.7060367392863494E-02   84.77673349170330    
  0.7150222086135419E-02   84.43265739774691    
  0.7241220326967102E-02   84.09092639840399    
  0.7333376668866795E-02   83.75121278156375    
  0.7426705850559884E-02   83.41316583760535    
  0.7521222798346130E-02   83.07642422540883    
  0.7616942628486756E-02   82.74060918531569    
  0.7713880649622093E-02   82.40533740226471    
  0.7812052365219874E-02   82.07021501080868    
  0.7911473476054798E-02   81.73485091631083    
  0.8012159882719493E-02   81.39885152252150    
  0.8114127688167560E-02   81.06183442446923    
  0.8217393200289013E-02   80.72342373815948    
  0.8321972934518316E-02   80.38326402457113    
  0.8427883616475779E-02   80.04101604417062    
  0.8535142184642571E-02   79.69637071231622    
  0.8643765793069613E-02   79.34904504120094    
  0.8753771814121127E-02   78.99879586655058    
  0.8865177841252991E-02   78.64541568052476    
  0.8978001691826569E-02   78.28874581274457    
  0.9092261409958157E-02   77.92867180511116    
  0.9207975269404870E-02   77.56513568343077    
  0.9325161776487248E-02   77.19813048618418    
  0.9443839673048895E-02   76.82771123397248    
  0.9564027939453951E-02   76.45398820752413    
  0.9685745797622712E-02   76.07713621959923    
  0.9809012714105709E-02   75.69738625194074    
  0.9933848403197084E-02   75.31503266763663    
  0.1006027283008760E-01   74.93042287135466    
  0.1018830621405757E-01   74.54396217798950    
  0.1031796903171067E-01   74.15610126342035    
  0.1044928202024873E-01   73.76733853418396    
  0.1058226618078838E-01   73.37820529214002    
  0.1071694278171964E-01   72.98926563308169    
  0.1085333336210750E-01   72.60109945839989    
  0.1099145973513676E-01   72.21430016499782    
  0.1113134399160051E-01   71.82945589389057    
  0.1127300850343321E-01   71.44714554892860    
  0.1141647592728878E-01   71.06791896072629    
  0.1156176920816392E-01   70.69229206685738    
  0.1170891158306790E-01   70.32072696371083    
  0.1185792658473880E-01   69.95362736449836    
  0.1200883804540724E-01   69.59131977434718    
  0.1216167010060782E-01   69.23405057214639    
  0.1231644719303916E-01   68.88196972820346    
  0.1247319407647319E-01   68.53513098049346    
  0.1263193581971388E-01   68.19347956549844    
  0.1279269781060664E-01   67.85685692356969    
  0.1295550576009869E-01   67.52499377787139    
  0.1312038570635095E-01   67.19752055636272    
  0.1328736401890241E-01   66.87396678604050    
  0.1345646740288746E-01   66.55377792464924    
  0.1362772290330696E-01   66.23632141470877    
  0.1380115790935343E-01   65.92090987001109    
  0.1397680015879159E-01   65.60681326976096    
  0.1415467774239451E-01   65.29328748044205    
  0.1433481910843612E-01   64.97959102910106    
  0.1451725306724101E-01   64.66501685408211    
  0.1470200879579227E-01   64.34891100302887    
  0.1488911584239761E-01   64.03070445291246    
  0.1507860413141513E-01   63.70993011960925    
  0.1527050396803933E-01   63.38625078271496    
  0.1546484604314764E-01   63.05947020560652    
  0.1566166143820900E-01   62.72955289339258    
  0.1586098163025474E-01   62.39662515798032    
  0.1606283849691284E-01   62.06098287111992    
  0.1626726432150600E-01   61.72307918511736    
  0.1647429179821489E-01   61.38351779013769    
  0.1668395403730705E-01   61.04302582741589    
  0.1689628457043210E-01   60.70243244695659    
  0.1711131735598458E-01   60.36262814939959    
  0.1732908678453513E-01   60.02453146953120    
  0.1754962768433039E-01   59.68903922414827    
  0.1777297532686330E-01   59.35698744574719    
  0.1799916543251403E-01   59.02910018323433    
  0.1822823417626301E-01   58.70595363492738    
  0.1846021819347616E-01   58.38793339501046    
  0.1869515458576422E-01   58.07521216192265    
  0.1893308092691657E-01   57.76772570047657    
  0.1917403526891023E-01   57.46517362656727    
  0.1941805614799571E-01   57.16702207592947    
  0.1966518259086030E-01   56.87253330424213    
  0.1991545412086942E-01   56.58079782472996    
  0.2016891076438785E-01   56.29079199770551    
  0.2042559305718110E-01   56.00143475768345    
  0.2068554205089856E-01   55.71166404389940    
  0.2094879931963872E-01   55.42050476197561    
  0.2121540696659827E-01   55.12714692164860    
  0.2148540763080591E-01   54.83100471070470    
  0.2175884449394139E-01   54.53177442155976    
  0.2203576128724182E-01   54.22946245315141    
  0.2231620229849574E-01   53.92440240797536    
  0.2260021237912592E-01   53.61723495527067    
  0.2288783695136273E-01   53.30887260204612    
  0.2317912201550845E-01   53.00042731604366    
  0.2347411415729438E-01   52.69312771328756    
  0.2377286055533115E-01   52.38820884327026    
  0.2407540898865413E-01   52.08680586580586    
  0.2438180784436505E-01   51.78983874976073    
  0.2469210612537026E-01   51.49792182174832    
  0.2500635345821807E-01   51.21128627033396    
  0.2532460010103571E-01   50.92974794917188    
  0.2564689695156691E-01   50.65270489413366    
  0.2597329555531225E-01   50.37919056030223    
  0.2630384811377302E-01   50.10795897463530    
  0.2663860749279964E-01   49.83761792802251    
  0.2697762723104677E-01   49.56677622675700    
  0.2732096154853572E-01   49.29421148025223    
  0.2766866535532622E-01   49.01901706097177    
  0.2802079426029790E-01   48.74073058164871    
  0.2837740458004412E-01   48.45940312047218    
  0.2873855334787892E-01   48.17561725076057    
  0.2910429832295813E-01   47.89042431924565    
  0.2947469799951708E-01   47.60522476145783    
  0.2984981161622585E-01   47.32158086576725    
  0.3022969916566305E-01   47.04100538841462    
  0.3061442140391077E-01   46.76473299055858    
  0.3100403986027133E-01   46.49353003610322    
  0.3139861684710796E-01   46.22755372796264    
  0.3179821546981017E-01   45.96630975731479    
  0.3220289963688664E-01   45.70870217925530    
  0.3261273407018598E-01   45.45319753709516    
  0.3302778431524796E-01   45.19806319276042    
  0.3344811675178634E-01   44.94166647988946    
  0.3387379860430487E-01   44.68276401430504    
  0.3430489795284895E-01   44.42074857688043    
  0.3474148374389347E-01   44.15578088209426    
  0.3518362580136979E-01   43.88879213413075    
  0.3563139483783272E-01   43.62132336583676    
  0.3608486246576959E-01   43.35524166284956    
  0.3654410120905358E-01   43.09235988491085    
  0.3700918451454233E-01   42.83405479595258    
  0.3748018676382470E-01   42.58094573138261    
  0.3795718328511658E-01   42.33273354778743    
  0.3844025036530820E-01   42.08822962258590    
  0.3892946526216508E-01   41.84560679224692    
  0.3942490621668367E-01   41.60280928809079    
  0.3992665246560487E-01   41.35805558921275    
  0.4043478425408639E-01   41.11029241982747    
  0.4094938284853632E-01   40.85949866121233    
  0.4147053054961058E-01   40.60672265189316    
  0.4199831070537502E-01   40.35384076432812    
  0.4253280772463569E-01   40.10305865243397    
  0.4307410709043846E-01   39.85629794085037    
  0.4362229537374025E-01   39.61461754447387    
  0.4417746024725482E-01   39.37786964822365    
  0.4473969049947405E-01   39.14469589726902    
  0.4530907604886839E-01   38.91291686625101    
  0.4588570795826750E-01   38.68020072684735    
  0.4646967844942397E-01   38.44483447819088    
  0.4706108091776278E-01   38.20632115298577    
  0.4766000994731807E-01   37.96560051265559    
  0.4826656132585996E-01   37.72475905651563    
  0.4888083206021441E-01   37.48631335518279    
  0.4950292039177729E-01   37.25227740561029    
  0.5013292581222668E-01   37.02337730068826    
  0.5077094907943453E-01   36.79871448801558    
  0.5141709223358097E-01   36.57607523561990    
  0.5207145861347409E-01   36.35279167638964    
  0.5273415287307667E-01   36.12685830188915    
  0.5340528099824407E-01   35.89781722180958    
  0.5408495032367457E-01   35.66701949588014    
  0.5477326955007541E-01   35.43706685145439    
  0.5547034876154790E-01   35.21064730003496    
  0.5617629944319288E-01   34.98924873746326    
  0.5689123449894119E-01   34.77239494728791    
  0.5761526826961033E-01   34.55781058287985    
  0.5834851655119109E-01   34.34253207208628    
  0.5909109661336737E-01   34.12443536802672    
  0.5984312721827090E-01   33.90341241216242    
  0.6060472863947544E-01   33.68149170715292    
  0.6137602268123219E-01   33.46176841832163    
  0.6215713269794998E-01   33.24664221078852    
  0.6294818361392397E-01   33.03637663747832    
  0.6374930194331455E-01   32.82886172009012    
  0.6456061581038135E-01   32.62085203218078    
  0.6538225496997423E-01   32.40998852279115    
  0.6621435082828503E-01   32.19636977473792    
  0.6705703646386400E-01   31.98255861131445    
  0.6791044664890278E-01   31.77191400968586    
  0.6877471787078919E-01   31.56625804839203    
  0.6964998835393578E-01   31.36452537417259    
  0.7053639808188597E-01   31.16344585922327    
  0.7143408881970249E-01   30.95993628630389    
  0.7234320413663944E-01   30.75347006089189    
  0.7326388942910413E-01   30.54657603057962    
  0.7419629194391031E-01   30.34288714371506    
  0.7514056080182749E-01   30.14418154676260    
  0.7609684702143041E-01   29.94881637010390    
  0.7706530354325161E-01   29.75304829204436    
  0.7804608525424114E-01   29.55427343448842    
  0.7903934901253848E-01   29.35342293222823    
  0.8004525367255852E-01   29.15419657703895    
  0.8106396011039797E-01   28.95964098418838    
  0.8209563124956434E-01   28.76916668065315    
  0.8314043208703231E-01   28.57903247149383    
  0.8419852971963257E-01   28.38604538931680    
  0.8527009337077522E-01   28.19089738346564    
  0.8635529441751461E-01   27.99752998803247    
  0.8745430641795768E-01   27.80894441691416    
  0.8856730513902114E-01   27.62382983629340    
  0.8969446858454284E-01   27.43794125049735    
  0.9083597702374949E-01   27.24894796739548    
  0.9199201302008807E-01   27.05926046758847    
  0.9316276146042327E-01   26.87321391295805    
  0.9434840958460643E-01   26.69173236504728    
  0.9554914701542190E-01   26.51105701632143    
  0.9676516578891288E-01   26.32751668728178    
  0.9799666038509482E-01   26.14239623291240    
  0.9924382775905861E-01   25.96031855661512    
  0.1005068673724697       25.78290139403600    
  0.1017859812254691       25.60639738844717    
  0.1030813738889786       25.42698727321007    
  0.1043932525374192       25.24643541082881    
  0.1057218269818442       25.06953572389840    
  0.1070673097034947       24.89677798106848    
  0.1084299158877824       24.72347116962258    
  0.1098098634587043       24.54719701882274    
  0.1112073731136959       24.37182361143214    
  0.1126226683589277       24.20113845975584    
  0.1140559755450505       24.03233980922914    
  0.1155075239033968       23.86082090878113    
  0.1169775455826412       23.68835443958733    
  0.1184662756859297       23.51997751114471    
  0.1199739523084788       23.35466257297286    
  0.1215008165756551       23.18717178788001    
  0.1230471126815390       23.01811818249996    
  0.1246130879279792       22.85284838016404    
  0.1261989927641432       22.69072904736924    
  0.1278050808265735       22.52636975233149    
  0.1294316089797506       22.36083259923153    
  0.1310788373571753       22.19945291638485    
  0.1327470294029711       22.04027303713190    
  0.1344364519140179       21.87830845056686    
  0.1361473750826213       21.71675529210875    
  0.1378800725397243       21.55971870357874    
  0.1396348213986706       21.40258843696679    
  0.1414119022995232       21.24297332538475    
  0.1432115994539472       21.08650415221861    
  0.1450342006906654       20.93297326204476    
  0.1468799975014904       20.77681603101234    
  0.1487492850879436       20.62133133847870    
  0.1506423624084677       20.47009910312815    
  0.1525595322262386       20.31751563441729    
  0.1545011011575885       20.16384596702862    
  0.1564673797210416       20.01449895925831    
  0.1584586823869777       19.86497450416287    
  0.1604753276279250       19.71360887880427    
  0.1625176379694938       19.56630418458465    
  0.1645859400419595       19.41931320582664    
  0.1666805646325002       19.27036240068472    
  0.1688018467381006       19.12545419787594    
  0.1709501256191288       18.98050817363205    
  0.1731257448535941       18.83408213785982    
  0.1753290523920970       18.69181242385682    
  0.1775604006134763       18.54846482999777    
  0.1798201463811671       18.40490281165071    
  0.1821086511002738       18.26516029035986    
  0.1844262807753698       18.12308585511484    
  0.1867734060690345       17.98306815134828    
  0.1891504023611327       17.84494623088813    
  0.1915576498088507       17.70471882871577    
  0.1939955334074955       17.56838325384926    
  0.1964644430520665       17.43078175661564    
  0.1989647735996140       17.29408199885126    
  0.2014969249323881       17.15980905026696    
  0.2040613020217926       17.02342275577496    
  0.2066583149931536       16.89093853664055    
  0.2092883791913105       16.75656322668612    
  0.2119519152470437       16.62451154956319    
  0.2146493491443468       16.49287132354557    
  0.2173811122885538       16.36111791848145    
  0.2201476415753363       16.23186804528501    
  0.2229493794605753       16.10098939356627    
  0.2257867740311251       15.97347930487104    
  0.2286602790764765       15.84404018494169    
  0.2315703541613310       15.71781817033143    
  0.2345174646991018       15.59009251737527    
  0.2375020820263458       15.46499230274913    
  0.2405246834781475       15.33902045616827    
  0.2435857524644590       15.21505474796466    
  0.2466857785474119       15.09077206686621    
  0.2498252575196156       14.96801570568455    
  0.2530046914834483       14.84533787538684    
  0.2562245889313607       14.72386276515489    
  0.2594854648271998       14.60271536959741    
  0.2627878406885664       14.48256569571789    
  0.2661322446702253       14.36288896623546    
  0.2695192116485705       14.24408472924555    
  0.2729492833071721       14.12583720460715    
  0.2764230082234069       14.00838898946151    
  0.2799409419561932       13.89154691510168    
  0.2835036471348440       13.77546157423631    
  0.2871116935490468       13.66001020112517    
  0.2907656582399936       13.54528774241897    
  0.2944661255926666       13.43121372504316    
  0.2982136874292997       13.31785022671128    
  0.3020089431040308       13.20514320014223    
  0.3058524995987573       13.09313425278175    
  0.3097449716202103       12.98178435226720    
  0.3136869816982683       12.87112009277158    
  0.3176791602855167       12.76111200002549    
  0.3217221458580795       12.65177848104946    
  0.3258165850177312       12.54309902469692    
  0.3299631325953075       12.43508915690185    
  0.3341624517554363       12.32773508891498    
  0.3384152141025957       12.22104798661667    
  0.3427220997885276       12.11501543245904    
  0.3470837976210145       12.00964310225230    
  0.3515010051740403       11.90491883801016    
  0.3559744288993576       11.80084603514363    
  0.3605047842394684       11.69741566193590    
  0.3650927957420489       11.59463120058781    
  0.3697391971758264       11.49248641337569    
  0.3744447316479314       11.39098475932349    
  0.3792101517227460       11.29012125409667    
  0.3840362195422609       11.18989815724356    
  0.3889237069479676       11.09031013911343    
  0.3938733956043000       10.99135648084109    
  0.3988860771236459       10.89303036264496    
  0.4039625531929538       10.79533055322842    
  0.4091036357019446       10.69825268071829    
  0.4143101468729620       10.60179768196698    
  0.4195829193924702       10.50596312798747    
  0.4249227965442259       10.41074909371775    
  0.4303306323441490       10.31615164105161    
  0.4358072916769034       10.22216947642841    
  0.4413536504342226       10.12879875311345    
  0.4469705956549917       10.03603807321416    
  0.4526590256671109       9.943884131258097    
  0.4584198502311705       9.852335707902407    
  0.4642539906859467       9.761389576925257    
  0.4701623800957558       9.671044351460448    
  0.4761459633996802       9.581297008710751    
  0.4822056975626917       9.492146056073581    
  0.4883425517287043       9.403589057620755    
  0.4945575073755695       9.315625103911293    
  0.5008515584720438       9.228251462490460    
  0.5072257116367598       9.141465767906320    
  0.5136809862992124       9.055264360708684    
  0.5202184148628017       8.969645035566352    
  0.5268390428699449       8.884605969410220    
  0.5335439291692906       8.800146997191909    
  0.5403341460850662       8.716266457883743    
  0.5472107795885721       8.632961730689994    
  0.5541749294718665       8.550228527442655    
  0.5612277095236562       8.468063431047707    
  0.5683702477074242       8.386463893202528    
  0.5756036863418313       8.305429553581616    
  0.5829291822834048       8.224959632301834    
  0.5903479071115600       8.145052503454787    
  0.5978610473159719       8.065704813836522    
  0.6054698044863301       7.986913328659156    
  0.6131753955045159       7.908675035788682    
  0.6209790527392153       7.830988474218843    
  0.6288820242430180       7.753852126520835    
  0.6368855739520191       7.677264090061621    
  0.6449909818879604       7.601221412015222    
  0.6531995443629516       7.525721397036235    
  0.6615125741867857       7.450761488325729    
  0.6699314008769041       7.376340270709234    
  0.6784573708710265       7.302456687036650    
  0.6870918477424878       7.229109525268650    
  0.6958362124183198       7.156296278970372    
  0.7046918634001016       7.084013763904375    
  0.7136602169876282       7.012258290881768    
  0.7227427075054201       6.941027147233743    
  0.7319407875321150       6.870318763922386    
  0.7412559281327866       6.800132125413988    
  0.7506896190942085       6.730465313195395    
  0.7602433691631234       6.661315925545194    
  0.7699187062875381       6.592681395673342    
  0.7797171778610879       6.524559614596410    
  0.7896403509705187       6.456948727196770    
  0.7996898126463121       6.389846792702545    
  0.8098671701164991       6.323251306950152    
  0.8201740510637127       6.257159925943696    
  0.8306121038854992       6.191570390990424    
  0.8411829979579558       6.126480358798745    
  0.8518884239027137       6.061887236511413    
  0.8627300938573198       5.997788717178267    
  0.8737097417490681       5.934182638701520    
  0.8848291235723024       5.871067199778918    
  0.8960900176692620       5.808440776820766    
  0.9074942250144924       5.746301562858784    
  0.9190435695028756       5.684647237943573    
  0.9307398982413349       5.623475155359412    
  0.9425850818442389       5.562782249050604    
  0.9545810147325788       5.502565474406513    
  0.9667296154369434       5.442822388832297    
  0.9790328269043498       5.383551304619361    
  0.9914926168089899       5.324750687327868    
   1.004110977866916       5.266419106318493    
   1.016889928154745       5.208554626129102    
   1.029831511432412       5.151154865206799    
   1.042937797470029       5.094217231802054    
   1.056210882378911       5.037739388766667    
   1.069652888946808       4.981718940897692    
   1.083265966977408       4.926153716463938    
   1.097052293634158       4.871041718796022    
   1.111014073788461       4.816380989020536    
   1.125153540372308       4.762169436779961    
   1.139472954735386       4.708404932294946    
   1.153974607006754       4.655085059969601    
   1.168660816461097       4.602207417042023    
   1.183533931889648       4.549769949780292    
   1.198596331975847       4.497770823588733    
   1.213850425675762       4.446207995709083    
   1.229298652603351       4.395079254749413    
   1.244943483420644       4.344382162602864    
   1.260787420232873       4.294114382259417    
   1.276832996988645       4.244274062022604    
   1.293082779885194       4.194859659709686    
   1.309539367778799       4.145869191857671    
   1.326205392600430       4.097300284191709    
   1.343083519776665       4.049150288317531    
   1.360176448655990       4.001416572182671    
   1.377486912940503       3.954096940220799    
   1.395017681123116       3.907189600149732    
   1.412771556930337       3.860692871804714    
   1.430751379770661       3.814604970473276    
   1.448960025188694       3.768924134257107    
   1.467400405325035       3.723648350441830    
   1.486075469382023       3.678775270521936    
   1.504988204095410       3.634302409555213    
   1.524141634212029       3.590227007362221    
   1.543538822973556       3.546546321841796    
   1.563182872606414       3.503258071672774    
   1.583076924817913       3.460360466468755    
   1.603224161298720       3.417851822193482    
   1.623627804231701       3.375730378465399    
   1.644291116807260       3.333993982518378    
   1.665217403745222       3.292640038604691    
   1.686410011823358       3.251665902003181    
   1.707872330412655       3.211069145675832    
   1.729607792019365       3.170847431938419    
   1.751619872833989       3.130998844857867    
   1.773912093287222       3.091521833745526    
   1.796488018612979       3.052415011943739    
   1.819351259418599       3.013676752623205    
   1.842505472262282       2.975305178154835    
   1.865954360237904       2.937297932380957    
   1.889701673567248       2.899652561213345    
   1.913751210199786       2.862366916424532    
   1.938106816420095       2.825439127151318    
   1.962772387463000       2.788867410284515    
   1.987751868136537       2.752649987319417    
   2.013049253452869       2.716784717984632    
   2.038668589267197       2.681268876257306    
   2.064613972924837       2.646099579156377    
   2.090889553916505       2.611274116030057    
   2.117499534541956       2.576790195402632    
   2.144448170582066       2.542646031715633    
   2.171739771979463       2.508840010141006    
   2.199378703527830       2.475370153993088    
   2.227369385569969       2.442234253486617    
   2.255716294704752       2.409430131641300    
   2.284423964503081       2.376955827556785    
   2.313496986232936       2.344809746687893    
   2.342940009593677       2.312990579993986    
   2.372757743459679       2.281496653232662    
   2.402954956633412       2.250325569802531    
   2.433536478608151       2.219474449205859    
   2.464507200340340       2.188940477038564    
   2.495872075031831       2.158721631538112    
   2.527636118922050       2.128816893632249    
   2.559804412090245       2.099225345816102    
   2.592382099267972       2.069945029557123    
   2.625374390661876       2.040972913492885    
   2.658786562786992       2.012305647223652    
   2.692623959310616       1.983940606386810    
   2.726891991906917       1.955876453166593    
   2.761596141122463       1.928112356109631    
   2.796741957252701       1.900646764105851    
   2.832335061229656       1.873477049729108    
   2.868381145520878       1.846600211390915    
   2.904885975039848       1.820013765930642    
   2.941855388067985       1.793716374116562    
   2.979295297188355       1.767707458901019    
   3.017211690231296       1.741986058074862    
   3.055610631232054       1.716550078220402    
   3.094498261400612       1.691396463638464    
   3.133880800103873       1.666521802329015    
   3.173764545860330       1.641923168823620    
   3.214155877347397       1.617598712479743    
   3.255061254421563       1.593547323059734    
   3.296487219151536       1.569767955113765    
   3.338440396864515       1.546259238116959    
   3.380927497205797       1.523019267880489    
   3.423955315211860       1.500045666369590    
   3.467530732397112       1.477335965236210    
   3.511660717854454       1.454887792140171    
   3.556352329369863       1.432698911218618    
   3.601612714551160       1.410767594565333    
   3.647449111971130       1.389092574533636    
   3.693868852325214       1.367672560024354    
   3.740879359603905       1.346505682495736    
   3.788488152280089       1.325589401661737    
   3.836702844511485       1.304920815928556    
   3.885531147358387       1.284497496364747    
   3.934980870016919       1.264318042974588    
   3.985059921067959       1.244381640522883    
   4.035776309741981       1.224687234784978    
   4.087138147199980       1.205233074123130    
   4.139153647830709       1.186016658196369    
   4.191831130564424       1.167035245700845    
   4.245179020203331       1.148286483566826    
   4.299205848768993       1.129768431059868    
   4.353920256866865       1.111479248189918    
   4.409330995068206       1.093417202907851    
   4.465446925309566       1.075580739533374    
   4.522277022310095       1.057968451607517    
   4.579830375006887       1.040579037041627    
   4.638116188008585       1.023410950364955    
   4.697143783067500       1.006462072898606    
   4.756922600570443      0.9897299551860281    
   4.817462201048548      0.9732122636131555    
   4.878772266706308      0.9569069455625947    
   4.940862602970058      0.9408122038640602    
   5.003743140056188      0.9249264266396431    
   5.067423934559286      0.9092480301180201    
   5.131915171060510      0.8937755415973407    
   5.197227163756434      0.8785076994012481    
   5.263370358108604      0.8634429965217059    
   5.330355332514113      0.8485792590048377    
   5.398192799997408      0.8339138155936615    
   5.466893609923648      0.8194440953705164    
   5.536468749733866      0.8051682601192368    
   5.606929346702212      0.7910854269553881    
   5.678286669715543      0.7771949533021079    
   5.750552131075689      0.7634954554823798    
   5.823737288324641      0.7499846669667499    
   5.897853846092961      0.7366599033768154    
   5.972913657971739      0.7235187242086601    
   6.048928728408343      0.7105593508170903    
   6.125911214626315      0.6977805866941081    
   6.203873428569707      0.6851813111441375    
   6.282827838872134      0.6727601502743030    
   6.362787072850931      0.6605154523427759    
   6.443763918526633      0.6484452212018186    
   6.525771326668202      0.6365473918525133    
   6.608822412864265      0.6248201510286870    
   6.692930459620703      0.6132619281103531    
   6.778108918484968      0.6018711768938955    
   6.864371412197385      0.5906462885125942    
   6.951731736869879      0.5795855586974868    
   7.040203864192402      0.5686872394677663    
   7.129801943667463      0.5579498062662366    
   7.220540304873064      0.5473717681703215    
   7.312433459754470      0.5369515097395984    
   7.405496104945119      0.5266873184353106    
   7.499743124117086      0.5165776200188024    
   7.595189590361465      0.5066208836290587    
   7.691850768599011      0.4968156542218284    
   7.789742118021504      0.4871603097491968    
   7.888879294564158      0.4776530401776639    
   7.989278153409502      0.4682920382711472    
   8.090954751523137      0.4590758805849108    
   8.193925350221738      0.4500032822927236    
   8.298206417773764      0.4410728173037342    
   8.403814632033258      0.4322827459616420    
   8.510766883107161      0.4236311452391603    
   8.619080276056589      0.4151162444018568    
   8.728772133632454      0.4067366960622025    
   8.839859999045938      0.3984913134298074    
   8.952361638774201      0.3903786455017428    
   9.066295045401823      0.3823971002789534    
   9.181678440498358      0.3745450963965186    
   9.298530277532567      0.3668212667003505    
   9.416869244823708      0.3592243510870112    
   9.536714268530378      0.3517530152104018    
   9.658084515677441      0.3444056138402429    
   9.780999397221398      0.3371804910393478    
   9.905478571154850      0.3300761135949706    
   10.03154194565042      0.3230910083923414    
   10.15920968224470      0.3162236916967894    
   10.28850219906275      0.3094727678993915    
   10.41944017408355      0.3028369042585334    
   10.55204454844711      0.2963148000137844    
   10.68633652980362      0.2899051732129287    
   10.82233759570520      0.2836066198821214    
   10.96006949704086      0.2774176608737219    
   11.09955426151518      0.2713368961551623    
   11.24081419717119      0.2653629957265725    
   11.38387189595816      0.2594946287684068    
   11.52875023734479      0.2537305051837844    
   11.67547239197834      0.2480693415122032    
   11.82406182539035      0.2425097009194983    
   11.97454230174952      0.2370501567984410    
   12.12693788766238      0.2316892369651261    
   12.28127295602230      0.2264255399232998    
   12.43757218990746      0.2212577703833815    
   12.59586058652848      0.2161848205802801    
   12.75616346122627      0.2112055285529339    
   12.91850645152076      0.2063186759581652    
   13.08291552121113      0.2015230395139057    
   13.24941696452828      0.1968174163400734    
   13.41803741034007      0.1922006923068234    
   13.58880382641016      0.1876718465483853    
   13.76174352371101      0.1832297603934820    
   13.93688416079174      0.1788730997968861    
   14.11425374820163      0.1746004489455129    
   14.29388065296991      0.1704104554450976    
   14.47579360314251      0.1663019106007978    
   14.66002169237665      0.1622738652058222    
   14.84659438459376      0.1583253799333224    
   15.03554151869176      0.1544553080534860    
   15.22689331331722      0.1506622584688541    
   15.42068037169828      0.1469447654320801    
   15.61693368653910      0.1433014280382453    
   15.81568464497655      0.1397311711150894    
   16.01696503360002      0.1362331634032366    
   16.22080704353511      0.1328065517193070    
   16.42724327559200      0.1294502840799266    
   16.63630674547939      0.1261631771553239    
   16.84803088908470      0.1229439977971136    
   17.06244956782160      0.1197916383234433    
   17.27959707404544      0.1167051648508278    
   17.49950813653779      0.1136836976267182    
   17.72221792606061      0.1107262464766820    
   17.94776206098115      0.1078317821896130    
   18.17617661296852      0.1049991872519880    
   18.40749811276265      0.1022273065184326    
   18.64176355601677      0.9951510005850714E-01
   18.87901040921409      0.9686161317823708E-01
   19.11927661565999      0.9426598012275955E-01
   19.36260060155029      0.9172738288739654E-01
   19.60902128211683      0.8924507158390244E-01
   19.85857806785130      0.8681816185889636E-01
   20.11131087080816      0.8444571175508314E-01
   20.36726011098787      0.8212668465970029E-01
   20.62646672280136      0.7986001176313876E-01
   20.88897216161669      0.7764471677961179E-01
   21.15481841038914      0.7547999643759143E-01
   21.42404798637557      0.7336507887188667E-01
   21.69670394793429      0.7129907760381803E-01
   21.97282990141146      0.6928098837602685E-01
   22.25247000811517      0.6730973926583125E-01
   22.53566899137817      0.6538435532022521E-01
   22.82247214371057      0.6350411536567187E-01
   23.11292533404360      0.6166839359559376E-01
   23.40707501506541      0.5987648488511726E-01
   23.70496823065045      0.5812757657412682E-01
   24.00665262338320      0.5642082958781539E-01
   24.31217644217773      0.5475543110460362E-01
   24.62158854999427      0.5313069286585824E-01
   24.93493843165393      0.5154591802638812E-01
   25.25227620175291      0.5000028303289480E-01
   25.57365261267740      0.4849290181748335E-01
   25.89911906272048      0.4702297266152245E-01
   26.22872760430237      0.4558981273935592E-01
   26.56253095229527      0.4419286759076581E-01
   26.90058249245412      0.4283158978485669E-01
   27.24293628995467      0.4150526070914353E-01
   27.58964709804025      0.4021296396317618E-01
   27.94077036677852      0.3895373939640306E-01
   28.29636225192973      0.3772668331675273E-01
   28.65647962392778      0.3653105717999176E-01
   29.02118007697563      0.3536635693936256E-01
   29.39052193825640      0.3423220106072920E-01
   29.76456427726179      0.3312820281012620E-01
   30.14336691523918      0.3205392561142340E-01
   30.52699043475885      0.3100882299855422E-01
   30.91549618940318      0.2999222089921789E-01
   31.30894631357891      0.2900341735977068E-01
   31.70740373245458      0.2804170534939576E-01
   32.11093217202400      0.2710635353027440E-01
   32.51959616929837      0.2619668073077213E-01
   32.93346108262754      0.2531209511000852E-01
   33.35259310215300      0.2445206958528952E-01
   33.77705926039386      0.2361615164903966E-01
   34.20692744296724      0.2280392883208214E-01
   34.64226639944563      0.2201491421779966E-01
   35.08314575435190      0.2124852465487677E-01
   35.52963601829457      0.2050414589724994E-01
   35.98180859924474      0.1978118398602305E-01
   36.43973581395633      0.1907912184474861E-01
   36.90349089953206      0.1839756121787413E-01
   37.37314802513615      0.1773611220699456E-01
   37.84878230385649      0.1709432821863710E-01
   38.33046980471754      0.1647175276953096E-01
   38.81828756484621      0.1586791860658690E-01
   39.31231360179249      0.1528232914772660E-01
   39.81262692600700      0.1471449052640668E-01
   40.31930755347721      0.1416392478690698E-01
   40.83243651852462      0.1363015474630960E-01
   41.35209588676464      0.1311278124727956E-01
   41.87836876823148      0.1261145269175044E-01
   42.41133933067023      0.1212581146523335E-01
   42.95109281299768      0.1165549134295863E-01
   43.49771553893505      0.1120016690786728E-01
   44.05129493081367      0.1075951486775217E-01
   44.61191952355662      0.1033320857668674E-01
   45.17967897883844      0.9920870976432626E-02
   45.75466409942456      0.9522021995493722E-02
   46.33696684369392      0.9136108793379812E-02
   46.92668034034573      0.8762655680226822E-02
   47.52389890329387      0.8401308702524391E-02
   48.12871804675069      0.8051841415515779E-02
   48.74123450050257      0.7714135477691010E-02
   49.36154622538038      0.7388051319532873E-02
   49.98975242892629      0.7073318389547359E-02
   50.62595358126027      0.6769526264668144E-02
   51.27025143114860      0.6476190662639978E-02
   51.92274902227641      0.6192846217364946E-02
   52.58355070972800      0.5919219839989624E-02
   53.25276217667628      0.5655211486086385E-02
   53.93049045128491      0.5400741039617665E-02
   54.61684392382569      0.5155591690840459E-02
   55.31193236401322      0.4919389322725174E-02
   56.01586693856102      0.4691677387301385E-02
   56.72876022896027      0.4472084223270703E-02
   57.45072624948529      0.4260404625163186E-02
   58.18188046542813      0.4056496917880316E-02
   58.92233981156497      0.3860201837175977E-02
   59.67222271085779      0.3671336566633166E-02
   60.43164909339399      0.3489678305757445E-02
   61.20074041556691      0.3314947623691178E-02
   61.97961967950078      0.3146829236187492E-02
   62.76841145272239      0.2984991096972917E-02
   63.56724188808358      0.2829130730937250E-02
   64.37623874393702      0.2679065268175958E-02
   65.19553140456884      0.2534686217622070E-02
   66.02525090089134      0.2395875209539392E-02
   66.86552993139885      0.2262447143054047E-02
   67.71650288339058      0.2134142264383289E-02
   68.57830585446341      0.2010621195130695E-02
   69.45107667427799      0.1891585077313804E-02
   70.33495492660248      0.1776834336762306E-02
   71.23008197163607      0.1666247332721742E-02
   72.13660096861707      0.1559696098626594E-02
   73.05465689871883      0.1456995068213218E-02
   73.98439658823638      0.1357878022873091E-02
   74.92596873206912      0.1262095611601205E-02
   75.87952391750152      0.1169516570787544E-02
   76.84521464828687      0.1080107788888349E-02
   77.82319536903769      0.9938801111843045E-03
   78.81362248992588      0.9109128557209264E-03
   79.81665441169820      0.8313886758018819E-03
   80.83245155100919      0.7556301680200641E-03
   81.86117636607700      0.6841325595398907E-03
   82.90299338266583      0.6175764409935152E-03
   83.95806922039831      0.5569136081672397E-03
   85.02657261940391      0.5035551778955230E-03
   86.10867446730533      0.4594769810695344E-03
   87.20454782654910      0.4271571350482769E-03
   88.31436796208384      0.4094541051340959E-03
   89.43831236939029      0.4094056375563815E-03
   90.57656080286903      0.4299532455894162E-03
   91.72929530458846      0.4735219233755824E-03
   92.89670023339933      0.5414083793679771E-03
   94.07896229441961      0.6330043168003734E-03
   95.27627056889436      0.7451707565204026E-03
   96.48881654443601      0.8719839875773968E-03
   97.71679414564922      0.1004963318618167E-02
   98.96039976514558      0.1133830102639523E-02
   100.2198322949533      0.1247704953472758E-02
   101.4952931583256      0.1336505694981441E-02
   102.7869863419557      0.1392306918303314E-02
   104.0951184286003      0.1410414200846052E-02
   105.4198986301181      0.1389810359748018E-02
   106.7615388209306      0.1332935158704873E-02
   108.1202535719068      0.1244971935082643E-02
   109.4962601846798      0.1132825410596148E-02
   110.8897787264010      0.1004082661940400E-02
   112.3010320649347      0.8661513212762910E-03
   113.7302459045030      0.7256429541401304E-03
   115.1776488217818      0.5879765995895136E-03
   116.6434723024585      0.4572316742117602E-03
   118.1279507782536      0.3361977594714383E-03
   119.6313216644133      0.2265303940528302E-03
   121.1538253976804      0.1289967326303641E-03
   122.6957054747475      0.4370502805098395E-04
   124.2572084911997     -0.2974038377442274E-04
   125.8385841809534     -0.9208685956905600E-04
   127.4400854561963     -0.1442736979563723E-03
   129.0619684478365     -0.1873086309615929E-03
   130.7044925464654     -0.2222161184754555E-03
   132.3679204438433     -0.2499900110807072E-03
   134.0525181749116     -0.2716000306230314E-03
   135.7585551603399     -0.2879729543087004E-03
   137.4863042496157     -0.2999231612175552E-03
   139.2360417646817     -0.3081264506405343E-03
   141.0080475441274     -0.3131397247772474E-03
   142.8026049879453     -0.3154577315817889E-03
   144.6200011028550     -0.3155472040681010E-03
   146.4605265482048     -0.3138522744376247E-03
   148.3244756824578     -0.3107266616083444E-03
   150.2121466102680     -0.3064124970283526E-03
   152.1238412301582     -0.3010962856863076E-03
   154.0598652828018     -0.2949762386225773E-03
   156.0205283999214     -0.2882405044887534E-03
   158.0061441538085     -0.2810336666784044E-03
   160.0170301074732     -0.2734228523648131E-03
   162.0535078654334     -0.2654516134016439E-03
   164.1159031251486     -0.2572292022252377E-03
   166.2045457291103     -0.2489341602558509E-03
   168.3197697175938     -0.2407065743990689E-03
   170.4619133820813     -0.2325649818158044E-03
   172.6313193193668     -0.2244636589448744E-03
   174.8283344863466     -0.2163814137180658E-03
   177.0533102555101     -0.2083941289238540E-03
   179.3066024711349     -0.2006137931349525E-03
   181.5885715061970     -0.1931148396814441E-03
   183.8995823200068     -0.1859270728130850E-03
   186.2400045165776     -0.1790987007996240E-03
   188.6102124037359     -0.1726641011411466E-03
   191.0105850529869     -0.1665433448920423E-03
   193.4415063601383     -0.1605503331984107E-03
   195.9033651066989     -0.1545278965646232E-03
   198.3965550220558     -0.1485018568767266E-03
   200.9214748464454     -0.1426520875172237E-03
   203.4785283947242     -0.1371269105055370E-03
   206.0681246209507     -0.1319275081432150E-03
   208.6906776837919     -0.1269939458347811E-03
   211.3466070127592     -0.1223267688536118E-03
   214.0363373752883     -0.1179248031560125E-03
   216.7602989446742     -0.1136901754108483E-03
   219.5189273688683     -0.1094635344690884E-03
   222.3126638401532     -0.1051846667430252E-03
   225.1419551657033     -0.1009337139764920E-03
   228.0072538390422     -0.9679040840897904E-04
   230.9090181124132     -0.9270118592305075E-04
   233.8477120700656     -0.8858018786195385E-04
   236.8238057024789     -0.8447289791220039E-04
   239.8377749815279     -0.8050052786003561E-04
   242.8901019366054     -0.7668826104407090E-04
   245.9812747317158     -0.7296001655465304E-04
   249.1117877435456     -0.6931436995065150E-04
   252.2821416405318     -0.6587049556544322E-04
   255.4928434629343     -0.6272691219104443E-04
   258.7444067039266     -0.5987168647527280E-04
   262.0373513917218     -0.5730712386798256E-04
   265.3722041727388     -0.5514285480620903E-04
   268.7494983958327     -0.5341150384707182E-04
   272.1697741975926     -0.5187382334968754E-04
   275.6335785887260     -0.5017822695278512E-04
   279.1414655415454     -0.4819698981019204E-04
   282.6939960785633     -0.4604914575534004E-04
   286.2917383622201     -0.4384569735576778E-04
   289.9352677857498     -0.4157226466728239E-04
   293.6251670652034     -0.3924400000699405E-04
   297.3620263326452     -0.3698688433612415E-04
   301.1464432305318     -0.3489622349747628E-04
   304.9790230072959     -0.3294742739116991E-04
   308.8603786141438     -0.3115040609917568E-04
   312.7911308030849     -0.2964531495648663E-04
   316.7719082262118     -0.2851176803772314E-04
   320.8033475362403     -0.2762003310571986E-04
   324.8860934883299     -0.2680035490331598E-04
   329.0207990432023     -0.2604167669992275E-04
   333.2081254715686     -0.2536294640103532E-04
   337.4487424598895     -0.2464634206949499E-04
   341.7433282174782     -0.2375710599923680E-04
   346.0925695849671     -0.2273629035625374E-04
   350.4971621441571     -0.2170158565419174E-04
   354.9578103292615     -0.2063637113094571E-04
   359.4752275395686     -0.1947917060553814E-04
   364.0501362535369     -0.1829304910330030E-04
   368.6832681443407     -0.1720091628117321E-04
   373.3753641968905     -0.1616781089692272E-04
   378.1271748263372     -0.1511498016397837E-04
   382.9394599980899     -0.1411438108666353E-04
   387.8129893493572     -0.1328594041297104E-04
   392.7485423122357     -0.1260262833221590E-04
   397.7469082383685     -0.1193240941396544E-04
   402.8088865251844     -0.1128761926033978E-04
   407.9352867437501     -0.1075086536810464E-04
   413.1269287682446     -0.1031146066177037E-04
   418.3846429070822     -0.9915756114379008E-05
   423.7092700357080     -0.9571782831678445E-05
   429.1016617310773     -0.9335610876971711E-05
   434.5626804078526     -0.9120437031836744E-05
   440.0931994563300     -0.8827641731845954E-05
   445.6941033821204     -0.8486067211623280E-05
   451.3662879476138     -0.8124229510069880E-05
   457.1106603152357     -0.7725716651706247E-05
   462.9281391925350     -0.7261864995223083E-05
   468.8196549791130     -0.6853934424590819E-05
   474.7861499154220     -0.6562422345427121E-05
   480.8285782334631     -0.6283053993967416E-05
   486.9479063093960     -0.5971465650152619E-05
   493.1451128180923     -0.5674612953222506E-05
   499.4211888896599     -0.5438821737993298E-05
   505.7771382679520     -0.5230075309160216E-05
   512.2139774711021     -0.5002865820944958E-05
   518.7327359540933     -0.4812754653718735E-05
   525.3344562734039     -0.4624573475977165E-05
   532.0201942537449     -0.4375894469889064E-05
   538.7910191569171     -0.4110835358586943E-05
   545.6480138528236     -0.3862874322353679E-05
   552.5922749926542     -0.3656815243039625E-05
   559.6249131842720     -0.3435343721443407E-05
   566.7470531698394     -0.3212947198113381E-05
   573.9598340056953     -0.3051129408585322E-05
   581.2644092445307     -0.2896916304001498E-05
   588.6619471198763     -0.2742908708363735E-05
   596.1536307329387     -0.2625556793214605E-05
   603.7406582418197     -0.2531318561602987E-05
   611.4242430531353     -0.2428379614270851E-05
   619.2056140160820     -0.2303799606712091E-05
   627.0860156189669     -0.2191165962139173E-05
   635.0667081882397     -0.2112866946762636E-05
   643.1489680900621     -0.2004874777999750E-05
   651.3340879344354     -0.1897561453285043E-05
   659.6233767819335     -0.1829948102635984E-05
   668.0181603530621     -0.1762798276022350E-05
   676.5197812402806     -0.1708103531013493E-05
   685.1295991227311     -0.1657581020914084E-05
   693.8489909836874     -0.1602655866746839E-05
   702.6793513307846     -0.1529727305540451E-05
   711.6220924190420     -0.1421128375395177E-05
   720.6786444767262     -0.1321340198012909E-05
   729.8504559340936     -0.1237790472990603E-05
   739.1389936550388     -0.1144034863031056E-05
   748.5457431716901     -0.1067954201901250E-05
   758.0722089219986     -0.1026068130353267E-05
   767.7199144903396     -0.9820370645796361E-06
   777.4904028511885     -0.9394901225318391E-06
   787.3852366158847     -0.8974348691543804E-06
   797.4059982825484     -0.8508736869045010E-06
   807.5542904891702     -0.8012123267060100E-06
   817.8317362699214     -0.7459052905560329E-06
   828.2399793147330     -0.7172139727443089E-06
   838.7806842321722     -0.7121862013343794E-06
   849.4555368156632     -0.6960893281936826E-06
   860.2662443131049     -0.6850540298037198E-06
   871.2145356999080     -0.6676638601702254E-06
   882.3021619555186     -0.6244689570359713E-06
   893.5308963434502     -0.5721547080687441E-06
   904.9025346948891     -0.5250708701137650E-06
   916.4188956959041     -0.4874139354573532E-06
   928.0818211783078     -0.4639256446081023E-06
   939.8931764142301     -0.4472389306680348E-06
   951.8548504144323     -0.4250298654336509E-06
   963.9687562304160     -0.3985784779999358E-06
   976.2368312603871     -0.3646198744323454E-06
   988.6610375591044     -0.3419102091506519E-06
   1001.243362151672     -0.3353668025123242E-06
   1013.985817351332     -0.3295964409057989E-06
   1026.890441081293     -0.3299864618653591E-06
   1039.959297200667     -0.3285422611187331E-06
   1053.194475834531     -0.3072847789468848E-06
   1066.598093708222     -0.2799572909693724E-06
   1080.172294485855     -0.2607546347780637E-06
   1093.919249113170     -0.2473319640447892E-06
   1107.841156164733     -0.2362762720267499E-06
   1121.940242195558     -0.2229038708567955E-06
   1136.218762097202     -0.2060055589633454E-06
   1150.678999458400     -0.1902446113218868E-06
   1165.323266930273     -0.1783060134693170E-06
   1180.153906596208     -0.1736301289491110E-06
   1195.173290346417     -0.1741455502845017E-06
   1210.383820257287     -0.1697420612185847E-06
   1225.787928975549     -0.1608943933225480E-06
   1241.388080107325     -0.1542220795884808E-06
   1257.186768612151     -0.1468539328256959E-06
   1273.186521201990     -0.1390299875646520E-06
   1289.389896745337     -0.1310472208761984E-06
   1305.799486676464     -0.1183364877573972E-06
   1322.417915409869     -0.1065806563539106E-06
   1339.247840760012     -0.1017006026864232E-06
   1356.291954366370     -0.1006275358308335E-06
   1373.552982123928     -0.9917780259874999E-07
   1391.033684619135     -0.9705076886286429E-07
   1408.736857571398     -0.9239031718932358E-07
   1426.665332280220     -0.8702686337764015E-07
   1444.821976078009     -0.8274694255726410E-07
   1463.209692788653     -0.7791809820469019E-07
   1481.831423191937     -0.7236344158823778E-07
   1500.690145493870     -0.6682120007117562E-07
   1519.788875802986     -0.6303549248459452E-07
   1539.130668612721     -0.6136355858139835E-07
   1558.718617289926     -0.5903170722423428E-07
   1578.555854569592     -0.5510409865234868E-07
   1598.645553055868     -0.5332506749276776E-07
   1618.990925729473     -0.5189558233843814E-07
   1639.595226461545     -0.4962446857946917E-07
   1660.461750534038     -0.4700659053922305E-07
   1681.593835166747     -0.4421890506991797E-07
   1702.994860051036     -0.4072591063407378E-07
   1724.668247890348     -0.3756719138845316E-07
   1746.617464947620     -0.3591775273362154E-07
   1768.846021599630     -0.3509707795321371E-07
   1791.357472898436     -0.3456212587114541E-07
   1814.155419139926     -0.3375153725928491E-07
   1837.243506439633     -0.3126840544159785E-07
   1860.625427315856     -0.2874392890975649E-07
   1884.304921280209     -0.2703633133678294E-07
   1908.285775435697     -0.2587094763343863E-07
   1932.571825082391     -0.2536790788471013E-07
   1957.166954330804     -0.2488325970639978E-07
   1982.075096723101     -0.2362930377300763E-07
   2007.300235862179     -0.2188910695538139E-07
   2032.846406048790     -0.1998517317273893E-07
   2058.717692926736     -0.1834813615274310E-07
   2084.918234136307     -0.1723634661327862E-07
   2111.452219976018     -0.1633341679732460E-07
   2138.323894072759     -0.1595524479722895E-07
   2165.537554060505     -0.1613465475937336E-07
   2193.097552267631     -0.1579092465761437E-07
   2221.008296412989     -0.1492200396207920E-07
   2249.274250310847     -0.1374283845664481E-07
   2277.899934584788     -0.1238713967169644E-07
   2306.889927390712     -0.1138964554800700E-07
   2336.248865149011     -0.1110772912365946E-07
   2365.981443286099     -0.1120375022577492E-07
   2396.092416985352     -0.1098623536100545E-07
   2426.586601947603     -0.1031578771707911E-07
   2457.468875161342     -0.9446978910517881E-08
   2488.744175682695     -0.8550455219968798E-08
   2520.417505425325     -0.8075853425347316E-08
   2552.493929960416     -0.8046323620788032E-08
   2584.978579326808     -0.7983798682677080E-08
   2617.876648851449     -0.7711694129981663E-08
   2651.193399980305     -0.7260132247244386E-08
   2684.934161119817     -0.6571713502319936E-08
   2719.104328489100     -0.6117620645958209E-08
   2753.709366982951     -0.5865435394492779E-08
   2788.754811045877     -0.5559577298681561E-08
   2824.246265557219     -0.5357652082428858E-08
   2860.189406727543     -0.4960541670351896E-08
   2896.589983006464     -0.4781236735545852E-08
   2933.453816001996     -0.4646437593115422E-08
   2970.786801411603     -0.4600930113213007E-08
   3008.594909965131     -0.4401124888876414E-08
   3046.884188379689     -0.4005179821128514E-08
   3085.660760326739     -0.3737869794856881E-08
   3124.930827411442     -0.3566132794625330E-08
   3164.700670164510     -0.3569676864237119E-08
   3204.976649046652     -0.3278709560248252E-08
   3245.765205465810     -0.2992639603235571E-08
   3287.072862807358     -0.2701206230604377E-08
   3328.906227477391     -0.2721413386063363E-08
   3371.271989959295     -0.2719432397877600E-08
   3414.176925883766     -0.2640575249960283E-08
   3457.627897112474     -0.2383640891250705E-08
   3501.631852835455     -0.2170808402129262E-08
   3546.195830682528     -0.2021667870435369E-08
   3591.326957848837     -0.1986985529174204E-08
   3637.032452234715     -0.1995977561253772E-08
   3683.319623600039     -0.2028895077764472E-08
   3730.195874733316     -0.1954786319756688E-08
   3777.668702635617     -0.1729769938300304E-08
   3825.745699719565     -0.1485244030881385E-08
   3874.434555023637     -0.1349856038317443E-08
   3923.743055441866     -0.1279966633457404E-08
   3973.679086969206     -0.1246633245613610E-08
   4024.250635962763     -0.1250738547450536E-08
   4075.465790419076     -0.1278981365873261E-08
   4127.332741267631     -0.1263008210335471E-08
   4179.859783680844     -0.1205551558234295E-08
   4233.055318400746     -0.1094065869283554E-08
   4286.927853082513     -0.9892073328149360E-09
   4341.486003655101     -0.9063431097112996E-09
   4396.738495699230     -0.8597441215166705E-09
   4452.694165842871     -0.8455735202622782E-09
   4509.361963174491     -0.8618012714335737E-09
   4566.750950674304     -0.8740865888586611E-09
   4624.870306663761     -0.8349365042228165E-09
   4683.729326273396     -0.7523850697559503E-09
   4743.337422929449     -0.6383767293785545E-09
   4803.704129859377     -0.5467669975226087E-09
   4864.839101616506     -0.5175804134372875E-09
   4926.752115624092     -0.5387615256014902E-09
   4989.453073739064     -0.5645489339474767E-09
   5052.952003835637     -0.5703069425350438E-09
   5117.259061409074     -0.5428190705836462E-09
   5182.384531199876     -0.4847891191776929E-09
   5248.338828838678     -0.4301704268199965E-09
   5315.132502511976     -0.3765197634281198E-09
   5382.776234649150     -0.3655270314786131E-09
   5451.280843630933     -0.3649724871261099E-09
   5520.657285519605     -0.3817413234296169E-09
   5590.916655811189     -0.3851044104395350E-09
   5662.070191210019     -0.3562817089963116E-09
   5734.129271425820     -0.3083437998667846E-09
   5807.105420993670     -0.2665314188906910E-09
   5881.010311117177     -0.2410793525959731E-09
   5955.855761535053     -0.2584727803994505E-09
   6031.653742411457     -0.2731249021153094E-09
   6108.416376250413     -0.2744041434919453E-09
   6186.155939834601     -0.2521104778878585E-09
   6264.884866188784     -0.2201193956279319E-09
   6344.615746568234     -0.2041223105508126E-09
   6425.361332472505     -0.1874276077211342E-09
   6507.134537684782     -0.1785935296846146E-09
   6589.948440337195     -0.1650645518005177E-09
   6673.816285002457     -0.1630377666203418E-09
   6758.751484812075     -0.1722162994918112E-09
   6844.767623601527     -0.1727716474405368E-09
   6931.878458082752     -0.1613268483176617E-09
   7020.097920044311     -0.1317915655627319E-09
   7109.440118579497     -0.1154745879974144E-09
   7199.919342342816     -0.1101754192226082E-09
   7291.550061835232     -0.1239905150487157E-09
   7384.346931718440     -0.1256418893303557E-09
   7478.324793158593     -0.1181112045186000E-09
   7573.498676199916     -0.9717376450342229E-10
   7669.883802168466     -0.8611049318625720E-10
   7767.495586106492     -0.8350979001750025E-10
   7866.349639237793     -0.8827189019039326E-10
   7966.461771464510     -0.8911337310267543E-10
   8067.847993895531     -0.8444086856197461E-10
   8170.524521407231     -0.8039629684732485E-10
   8274.507775236760     -0.7641421738838951E-10
   8379.814385608299     -0.7072726087604152E-10
   8486.461194392732     -0.5971977119631470E-10
   8594.465257801259     -0.4942633702864902E-10
   8703.843849113187     -0.4807633022700352E-10
   8814.614461438458     -0.5405131634678784E-10
   8926.794810515401     -0.6238580914428397E-10
   9040.402837544019     -0.6087088826360813E-10
   9155.456712055335     -0.5255118962813051E-10
   9271.974834817293     -0.4091148799349126E-10
   9389.975840777650     -0.3611062882582933E-10
   9509.478602044272     -0.3686726462054305E-10
   9630.502230903357     -0.4140329477974908E-10
   9753.066082876154     -0.4244704260858755E-10
   9877.189759814497     -0.4007981027658393E-10
   10002.89311303574     -0.3447514548629812E-10
   10130.19624649764     -0.3023466724522377E-10
   10259.11952001364     -0.2720431895042447E-10
   10389.68355250900     -0.2543646951248629E-10
   10521.90922531842     -0.2385569588542716E-10
   10655.81768552572     -0.2324687625429467E-10
   10791.43034934579     -0.2489390829112983E-10
   10928.76890554984     -0.2728623618365079E-10
   11067.85531893401     -0.2812062927096926E-10
   11208.71183383241     -0.2522051371984667E-10
   11351.36097767447     -0.2050268711733255E-10
   11495.82556458803     -0.1607015121602613E-10
   11642.12869904785     -0.1484357328616133E-10
   11790.29377957082     -0.1526084278786790E-10
   11940.34450245814     -0.1686001954816176E-10
   12092.30486558516     -0.1666858723770582E-10
   12246.19917223926     -0.1573579123793559E-10
   12402.05203500681     -0.1408144153351017E-10
   12559.88837970958     -0.1298459762485437E-10
   12719.73344939099     -0.1232735913930781E-10
   12881.61280835340     -0.1138323361816564E-10
   13045.55234624661     -0.1067304961816141E-10
   13211.57828220851     -0.1032956653755992E-10
   13379.71716905822     -0.1083217173676741E-10
   13549.99589754281     -0.1127176655636547E-10
   13722.44170063804     -0.1082583939803860E-10
   13897.08215790366     -0.9814942155388907E-11
   14073.94519989430     -0.8370817281540419E-11
   14253.05911262647     -0.7844159637661681E-11
   14434.45254210245     -0.7322748760462347E-11
   14618.15449889152     -0.7269067389860811E-11
   14804.19436276991     -0.6500097784217718E-11
   14992.60188741933     -0.6167540511609900E-11
   15183.40720518566     -0.6115164085283119E-11
   15376.64083189802     -0.6567525184895033E-11
   15572.33367174933     -0.6601126089836401E-11
   15770.51702223866     -0.5487465111884625E-11
   15971.22257917686     -0.4127070259935615E-11
   16174.48244175574     -0.3259172221679051E-11
   16380.32911768161     -0.3981915699062711E-11
   16588.79552837440     -0.5180810132868400E-11
   16799.91501423281     -0.5770376692731726E-11
   17013.72133996656     -0.5244992854830514E-11
   17230.24869999629     -0.3723985459454256E-11
   17449.53172392254     -0.2752704778470065E-11
   17671.60548206392     -0.2169013400775719E-11
   17896.50549106609     -0.2754986227088623E-11
   18124.26771958192     -0.3280475896595086E-11
   18354.92859402418     -0.3845334903792403E-11
   18588.52500439108     -0.3573983680142578E-11
   18825.09431016621     -0.2901998462528279E-11
   19064.67434629367     -0.2047831771444478E-11
   19307.30342922881     -0.1625059685463700E-11
   19553.02036306644     -0.1855164544570031E-11
   19801.86444574675     -0.2331992505851380E-11
   20053.87547534042     -0.2695933581830100E-11
   20309.09375641341     -0.2422783524288313E-11
   20567.56010647302     -0.1903379881565284E-11
   20829.31586249605     -0.1397168753434336E-11
   21094.40288753964     -0.1270226386205026E-11
   21362.86357743667     -0.1399311131439297E-11
   21634.74086757610     -0.1500082865829117E-11
   21910.07823976992     -0.1581192175413981E-11
   22188.91972920691     -0.1547332088340854E-11
   22471.30993149566     -0.1601687166026684E-11
   22757.29400979649     -0.1463017698901836E-11
   23046.91770204464     -0.1212373106957567E-11
   23340.22732826519     -0.8458053780025222E-12
   23637.26979798121     -0.7449299123617492E-12
   23938.09261771585     -0.9320529934548003E-12
   24242.74389859027     -0.1209644321103905E-11
   24551.27236401826     -0.1236041068092221E-11
   24863.72735749842     -0.8959697823309919E-12
   25180.15885050591     -0.5476571405941480E-12
   25500.61745048437     -0.4057588046995800E-12
   25825.15440893988     -0.6258960978394872E-12
   26153.82162963734     -0.8579382927896121E-12
   26486.67167690194     -0.9422471435139299E-12
   26823.75778402553     -0.7857010090952813E-12
   27165.13386178044     -0.5912177253883051E-12
   27510.85450704158     -0.5169122381141550E-12
   27860.97501151808     -0.5587150970589562E-12
   28215.55137059645     -0.6154308673506194E-12
   28574.64029229560     -0.5362690681393291E-12
   28938.29920633675     -0.4076165081331011E-12
   29306.58627332781     -0.2859972963023092E-12
   29679.56039406539     -0.3284519588677338E-12
   30057.28121895475     -0.4047198563421525E-12
   30439.80915755006     -0.4814221145084313E-12
   30827.20538821537     -0.4304100820875323E-12
   31219.53186790948     -0.3477833594706880E-12
   31616.85134209436     -0.2796089004467608E-12
   32019.22735477041     -0.2758396459471628E-12
   32426.72425863911     -0.3146073282727244E-12
   32839.40722539499     -0.3344423126832945E-12
   33257.34225614888     -0.3346245508135186E-12
   33680.59619198320     -0.2885485825699068E-12
   34109.23672464240     -0.2351237615210537E-12
   34543.33240735868     -0.1874537831280907E-12
   34982.95266581594     -0.1610017870142719E-12
   35428.16780925323     -0.1734761349784126E-12
   35879.04904170927     -0.1847007876412134E-12
   36335.66847341050     -0.2126012287892868E-12
   36798.09913230360     -0.2012759827588269E-12
   37266.41497573488     -0.1834332918671578E-12
   37740.69090227861     -0.1447914320391844E-12
   38221.00276371562     -0.1321015214896929E-12
   38707.42737716427     -0.1406035780680259E-12
   39200.04253736635     -0.1563982604441256E-12
   39698.92702912832     -0.1618617908810134E-12
   40204.16063992216     -0.1375024254080331E-12
   40715.82417264533     -0.1153560600126461E-12
   41233.99945854409     -0.8849161727999449E-13
   41758.76937030078     -0.8468950906345915E-13
   42290.21783528777     -0.7922415530598034E-13
   42828.42984899038     -0.8492433006606739E-13
   43373.49148859982     -0.9135393946912685E-13
   43925.48992678033     -0.1018747856864827E-12
   44484.51344561025     -0.1089255584090873E-12
   45050.65145070147     -0.9964211830359211E-13
   45623.99448549814     -0.7870620837081958E-13
   46204.63424575739     -0.5452068551789623E-13
   46792.66359421460     -0.4499008619606745E-13
   47388.17657543498     -0.5321361709105820E-13
   47991.26843085403     -0.6199595598091523E-13
   48602.03561401004     -0.6340888760042688E-13
   49220.57580596989     -0.5255447667345792E-13
   49846.98793095128     -0.4370332852191109E-13
   50481.37217214431     -0.4482910449913778E-13
   51123.82998773319     -0.4757244372367691E-13
   51774.46412712341     -0.5146069029602884E-13
   52433.37864737403     -0.4045047590454198E-13
   53100.67892984000     -0.3215135506054238E-13
   53776.47169702593     -0.2213504881370038E-13
   54460.86502965433     -0.2784017666634864E-13
   55153.96838395140     -0.3397067749239873E-13
   55855.89260915241     -0.4101086591051006E-13
   56566.74996522978     -0.3815547669372731E-13
   57286.65414084731     -0.3106853680585133E-13
   58015.72027154252     -0.2456987260874355E-13
   58754.06495814035     -0.1786368439192688E-13
   59501.80628540181     -0.1717803354874177E-13
   60259.06384090870     -0.1410351045919990E-13
   61025.95873419033     -0.1862506691795693E-13
   61802.61361609199     -0.1950133379088383E-13
   62589.15269839121     -0.2379146443857494E-13
   63385.70177366302     -0.2167899435822898E-13
   64192.38823539802     -0.1840795140660681E-13
   65009.34109837725     -0.1223276404106000E-13
   65836.69101930474     -0.7621038106396019E-14
   66674.57031770481     -0.7757717808674391E-14
   67523.11299708314     -0.1023389311520356E-13
   68382.45476635880     -0.1461291632232213E-13
   69252.73306156823     -0.1385298901871183E-13
   70134.08706784551     -0.1178219365438954E-13
   71026.65774168292     -0.7365285980380629E-14
   71930.58783347403     -0.6243732099311024E-14
   72846.02191034376     -0.6581148554041608E-14
   73773.10637926971     -0.7558296843633822E-14
   74711.98951049712     -0.8217767755812897E-14
   75662.82146125179     -0.6232254035242686E-14
   76625.75429975567     -0.5133928472670591E-14
   77600.94202954634     -0.2518289273035651E-14
   78588.54061410816     -0.3453704596581794E-14
   79588.70800181490     -0.3456736563806586E-14
   80601.60415119116     -0.5500638178681718E-14
   81627.39105649473     -0.4013221628326308E-14
   82666.23277362443     -0.3290128868091786E-14
   83718.29544635839     -0.1289830161777329E-14
   84783.74733292534     -0.2055218066044368E-14
   85862.75883291414     -0.2412793714394832E-14
   86955.50251452658     -0.2686770901848620E-14
   88062.15314217634     -0.1155535928037024E-14
   89182.88770443917      0.2716315897723447E-15
   90317.88544235975      0.1058448980995769E-14
   91467.32787811673      0.2652235917328246E-15
   92631.39884405535     -0.5185735904651852E-15
   93810.28451208682     -0.1007431443856114E-14
   95004.17342346374     -0.3112516577720552E-15
   96213.25651893385      0.1856943236950052E-15
   97437.72716927710      0.4754222932636693E-15
   98677.78120623276      0.4941278422356502E-15
   99933.61695381759      0.9847200749848605E-15
   101205.4352600458      0.1734254455516663E-14
   102493.4395290498      0.1995287490898743E-14
   103797.8357536114      0.1914327109668447E-14
   105118.8325481067      0.1522296247255526E-14
   106456.6411818700      0.1736132386588491E-14
   107811.4756129826      0.1571429691416401E-14
   109183.5525224918      0.1608006312342473E-14
   110573.0913490642      0.1370037074273131E-14
   111980.3143240815      0.1952954832674959E-14
   113405.4465071823      0.2614444727960559E-14
   114848.7158222563      0.3169730609995974E-14
   116310.3530938969      0.3084007298379711E-14
   117790.5920843162      0.2637628965284628E-14
   119289.6695307327      0.2353682830337854E-14
   120807.8251832317      0.2304523403716474E-14
   122345.3018431094      0.2620841984174239E-14
   123902.3454017049      0.2951938088646194E-14
   125479.2048797252      0.3177542983687657E-14
   127076.1324670728      0.3237692725780823E-14
   128693.3835631779      0.3167067575004512E-14
   130331.2168178448      0.3218688077800222E-14
   131989.8941726186      0.3275290072141875E-14
   133669.6809026781      0.3452752171708512E-14
   135370.8456592609      0.3455957644624785E-14
   137093.6605126311      0.3489818989766159E-14
   138838.4009955895      0.3290182803235620E-14
   140605.3461475422      0.3304101085911319E-14
   142394.7785591265      0.3308485014919081E-14
   144206.9844174065      0.3589028972647550E-14
   146042.2535516437      0.3742396261069695E-14
   147900.8794796497      0.3811767749420113E-14
   149783.1594547296      0.3725030421859507E-14
   151689.3945132208      0.3647339128215552E-14
   153619.8895226404      0.3693321669038832E-14
   155574.9532304410      0.3793371814290376E-14
   157554.8983133906      0.3893265232748461E-14
   159560.0414275791      0.3876458833646167E-14
   161590.7032590616      0.3820424168020391E-14
   163647.2085751467      0.3753049258976487E-14
   165729.8862763371      0.3801585889908762E-14
   167839.0694489304      0.3912834615644753E-14
   169975.0954182908      0.4038778810085971E-14
   172138.3058027981      0.4088118806910612E-14
   174329.0465684831      0.4045772695953165E-14
   176547.6680843598      0.3996726771662854E-14
   178794.5251784578      0.3980464323192524E-14
   181069.9771945741      0.4011939742318137E-14
   183374.3880497402      0.4062869178246009E-14
   185708.1262924263      0.4078290885976004E-14
   188071.5651614828      0.4082193767812547E-14
   190465.0826458331      0.4061645329653885E-14
   192889.0615449277      0.4042026599478018E-14
   195343.8895299625      0.4077831235214972E-14
   197829.9592058840      0.4132349719591969E-14
   200347.6681741755      0.4230881461795335E-14
   202897.4190964484      0.4250133336582451E-14
   205479.6197588395      0.4209578137550977E-14
   208094.6831372308      0.4138444144173146E-14
   210743.0274632944      0.4095100917117156E-14
   213425.0762913844      0.4151299100238571E-14
   216141.2585662738      0.4193839486856839E-14
   218892.0086917580      0.4251540010695332E-14
   221677.7666001293      0.4216189910238944E-14
   224498.9778225360      0.4211972359349950E-14
   227356.0935602379      0.4188091133152837E-14
   230249.5707567657      0.4223226175784236E-14
   233179.8721710033      0.4241501093693505E-14
   236147.4664511953      0.4272288211045871E-14
   239152.8282099000      0.4273130718616813E-14
   242196.4380998951      0.4264961375133917E-14
   245278.7828910480      0.4243505868272672E-14
   248400.3555481683      0.4239291234775516E-14
   251561.6553098468      0.4251638250840448E-14
   254763.1877682987      0.4277793148730529E-14
   258005.4649502256      0.4283931327481537E-14
   261289.0053987042      0.4281193794266778E-14
   264614.3342561173      0.4271179516166478E-14
   267981.9833481426      0.4280441638491799E-14
   271392.4912688053      0.4293809765521808E-14
   274846.4034666203      0.4303476068170996E-14
   278344.2723318230      0.4301273201660377E-14
   281886.6572847161      0.4292110647855751E-14
   285474.1248651388      0.4288829637977150E-14
   289107.2488230728      0.4291012970469389E-14
   292786.6102104065      0.4300580706806788E-14
   296512.7974738589      0.4309422477127305E-14
   300286.4065490961      0.4316592362088969E-14
   304108.0409560358      0.4317660557556887E-14
   307978.3118953719      0.4316205793709332E-14
   311897.8383463240      0.4312970019668018E-14
   315867.2471656319      0.4313554881495019E-14
   319887.1731878108      0.4315384399327504E-14
   323958.2593266811      0.4317772147648831E-14
   328081.1566781892      0.4319125951793207E-14
   332256.5246245399      0.4319687507304993E-14
   336485.0309396526      0.4322351138807226E-14
   340767.3518959583      0.4324683905857489E-14
   345104.1723725602      0.4328716985780424E-14
   349496.1859647625      0.4330590373870772E-14
   353944.0950950040      0.4332576132528196E-14
   358448.6111251928      0.4330868194305011E-14
   363010.4544704786      0.4329124831101231E-14
   367630.3547144691      0.4326608919103697E-14
   372309.0507259128      0.4329128431291576E-14
   377047.2907768701      0.4332232676558878E-14
   381845.8326623840      0.4337141479521489E-14
   386705.4438216740      0.4336216360530077E-14
   391626.9014608768      0.4335730178808098E-14
   396610.9926773448      0.4333861274267559E-14
   401658.5145855274      0.4335963918587140E-14
   406770.2744444585      0.4338330781849818E-14
   411947.0897868567      0.4339414045512888E-14
   417189.7885498816      0.4340089789660192E-14
   422499.2092075411      0.4338335093055569E-14
   427876.2009047939      0.4338488417557185E-14
   433321.6235933532      0.4337675978570023E-14
   438836.3481692201      0.4339489643415419E-14
   444421.2566119707      0.4341369861857855E-14
   450077.2421258062      0.4343445704184867E-14
   455805.2092824123      0.4343732872323685E-14
   461606.0741656225      0.4342933260471699E-14
   467480.7645179321      0.4341906642225421E-14
   473430.2198888735      0.4342255829588740E-14
   479455.3917852784      0.4342590411211646E-14
   485557.2438234575      0.4343640627788180E-14
   491736.7518833108      0.4343610566970791E-14
   497994.9042644003      0.4344189133518724E-14
   504332.7018440130      0.4344263124643354E-14
   510751.1582372325      0.4344666941788027E-14
   517251.2999590465      0.4345163712891680E-14
   523834.1665885241      0.4345526050697862E-14
   530500.8109350695      0.4345941480512891E-14
   537252.2992068084      0.4345602959042450E-14
   544089.7111811014      0.4345634518486579E-14
   551014.1403772383      0.4345609443879434E-14
   558026.6942313258      0.4346189735034198E-14
   565128.4942734007      0.4346260996850339E-14
   572320.6763068015      0.4346540807473124E-14
   579604.3905898171      0.4346529992539552E-14
   586980.8020196472      0.4347215825890129E-14
   594451.0903187100      0.4347194061856258E-14
   602016.4502233162      0.4347266085052429E-14
   609678.0916747436      0.4346529706367854E-14
   617437.2400127507      0.4346745439157664E-14
   625295.1361715381      0.4347027019896872E-14
   633253.0368782239      0.4347909254634769E-14
   641312.2148538250      0.4348131551421038E-14
   649473.9590168109      0.4348119827792139E-14
   657739.5746892411      0.4347715535607362E-14
   666110.3838055270      0.4347479124448706E-14
   674587.7251238554      0.4347514323624101E-14
   683172.9544402899      0.4347927918180342E-14
   691867.4448056165      0.4348484532410462E-14
   700672.5867449280      0.4348690936247118E-14
   709589.7884800191      0.4348539403968487E-14
   718620.4761546039      0.4348008580003532E-14
   727766.0940624007      0.4347954388866366E-14
   737028.1048781244      0.4348103672926822E-14
   746407.9898914119      0.4348731970643701E-14
   755907.2492437240      0.4348937919360088E-14
   765527.4021682709      0.4348974145672138E-14
   775269.9872329835      0.4348635333702988E-14
   785136.5625865780      0.4348474712622286E-14
   795128.7062077600      0.4348515008022009E-14
   805248.0161575819      0.4348812053448042E-14
   815496.1108350365      0.4349048606645119E-14
   825874.6292358791      0.4349135554249554E-14
   836385.2312147614      0.4348939932306866E-14
   847029.5977506936      0.4348777986279510E-14
   857809.4312158843      0.4348702765520850E-14
   868726.4556480092      0.4348888723711560E-14
   879782.4170259358      0.4349108001726064E-14
   890979.0835489581      0.4349226225537530E-14
   902318.2459195916      0.4349206800852875E-14
   913801.7176299635      0.4349116394937035E-14
   925431.3352518445      0.4349123983968056E-14
   937208.9587303831      0.4349149063376808E-14
   949136.4716815562      0.4349178998380294E-14
   961215.7816934348      0.4349136965737486E-14
   973448.8206312546      0.4349135268255499E-14
   985837.5449463895      0.4349174885517914E-14
   998383.9359892491      0.4349287810834719E-14
   1011090.000326157      0.4349341245523024E-14
   1023957.770060274      0.4349373068576781E-14
   1036989.303156579      0.4349327272797129E-14
   1050186.683771021      0.4349300747862122E-14
   1063552.022583829      0.4349280514884045E-14
   1077087.457137081      0.4349291490324246E-14
   1090795.152176568      0.4349340114523312E-14
   1104677.299997997      0.4349374045819309E-14
   1118736.120797621      0.4349405948602511E-14
   1132973.863027313      0.4349398081561738E-14
   1147392.803754158      0.4349388951007967E-14
   1161995.249024636      0.4349380338414948E-14
   1176783.534233434      0.4349387037246587E-14
   1191760.024496940      0.4349400204554814E-14
   1206927.115031517      0.4349432156778809E-14
   1222287.231536551      0.4349452081731684E-14
   1237842.830582422      0.4349483814909548E-14
   1253596.400003367      0.4349472480564888E-14
   1269550.459295376      0.4349468764276552E-14
   1285707.560019135      0.4349439752784083E-14
   1302070.286208099      0.4349448897133282E-14
   1318641.254781771      0.4349458711933614E-14
   1335423.115964222      0.4349485450238988E-14
   1352418.553707945      0.4349491351422779E-14
   1369630.286123109      0.4349492031500064E-14
   1387061.065912266      0.4349486412777075E-14
   1404713.680810601      0.4349491891717664E-14
   1422590.954031781      0.4349498189520494E-14
   1440695.744719465      0.4349508165351799E-14
   1459030.948404589      0.4349507643307043E-14
   1477599.497468435      0.4349511614499372E-14
   1496404.361611623      0.4349511434932471E-14
   1515448.548329062      0.4349518406229114E-14
   1534735.103390932      0.4349517379158746E-14
   1554267.111329819      0.4349517322127314E-14
   1574047.695934007      0.4349514936070386E-14
   1594080.020747092      0.4349523529729208E-14
   1614367.289573915      0.4349529491045705E-14
   1634912.746992964      0.4349537322393254E-14
   1655719.678875280      0.4349528652201349E-14
   1676791.412909972      0.4349528858736861E-14
   1698131.319136427      0.4349527982293191E-14
   1719742.810483280      0.4349543857650414E-14
   1741629.343314248      0.4349547483207726E-14
   1763794.417980914      0.4349544983667737E-14
   1786241.579382547      0.4349527414345782E-14
   1808974.417533040      0.4349520043997338E-14
   1831996.568135077      0.4349523026549922E-14
   1855311.713161579      0.4349542447279238E-14
   1878923.581444592      0.4349555116261036E-14
   1902835.949271622      0.4349560458910370E-14
   1927052.640989597      0.4349548236740500E-14
   1951577.529616502      0.4349537841586327E-14
   1976414.537460785      0.4349529337619288E-14
   2001567.636748685      0.4349534572875953E-14
   2027040.850259479      0.4349542990968191E-14
   2052838.251968895      0.4349552470340847E-14
   2078963.967700631      0.4349552543563093E-14
   2105422.175786230      0.4349546640146055E-14
   2132217.107733313      0.4349537242560213E-14
   2159353.048902354      0.4349535692024431E-14
   2186834.339192012      0.4349537971833457E-14
   2214665.373733255      0.4349545987910653E-14
   2242850.603592247      0.4349545055147028E-14
   2271394.536482236      0.4349544510825225E-14
   2300301.737484477      0.4349536398994043E-14
   2329576.829778324      0.4349537975301391E-14
   2359224.495380646      0.4349535777457829E-14
   2389249.475894594      0.4349541862202554E-14
   2419656.573267976      0.4349538133410124E-14
   2450450.650561205      0.4349539816953577E-14
   2481636.632725073      0.4349533175915259E-14
   2513219.507388411      0.4349536086064493E-14
   2545204.325655753      0.4349532712889932E-14
   2577596.202915192      0.4349536615637634E-14
   2610400.319656478      0.4349531364306697E-14
   2643621.922299535      0.4349532223618207E-14
   2677266.324033544      0.4349526906845107E-14
   2711338.905666688      0.4349529413536876E-14
   2745845.116486705      0.4349525751436868E-14
   2780790.475132426      0.4349527115117367E-14
   2816180.570476342      0.4349521894832501E-14
   2852021.062518488      0.4349522939173395E-14
   2888317.683291615      0.4349519628133200E-14
   2925076.237777946      0.4349521965913025E-14
   2962302.604837576      0.4349517940787386E-14
   3000002.738148677      0.4349517822616959E-14
   3038182.667159709      0.4349511996095004E-14
   3076848.498053673      0.4349512133815298E-14
   3116006.414724736      0.4349507973911396E-14
   3155662.679767190      0.4349509577417423E-14
   3195823.635477058      0.4349505547027363E-14
   3236495.704866424      0.4349506229945417E-14
   3277685.392690698      0.4349501293950089E-14
   3319399.286488892      0.4349501401765806E-14
   3361644.057637202      0.4349496258032483E-14
   3404426.462415989      0.4349495874656696E-14
   3447753.343090282      0.4349490552912373E-14
   3491631.629004096      0.4349490186746710E-14
   3536068.337688674      0.4349485517986937E-14
   3581070.575984771      0.4349485471790114E-14
   3626645.541179291      0.4349480848033934E-14
   3672800.522156350      0.4349480445310521E-14
   3719542.900563026      0.4349475428207959E-14
   3766880.151989877      0.4349474667112667E-14
   3814819.847166544      0.4349469078281893E-14
   3863369.653172579      0.4349467874992494E-14
   3912537.334663606      0.4349462017727013E-14
   3962330.755113158      0.4349460801923135E-14
   4012757.878070320      0.4349455037891492E-14
   4063826.768433310      0.4349453749616756E-14
   4115545.593739328      0.4349448180411311E-14
   4167922.625470839      0.4349446925892505E-14
   4220966.240378387      0.4349441352960278E-14
   4274684.921820344      0.4349439434516932E-14
   4329087.261119647      0.4349433109937101E-14
   4384181.958937859      0.4349430536978575E-14
   4439977.826666630      0.4349424130537748E-14
   4496483.787836942      0.4349421663287254E-14
   4553708.879546295      0.4349415403831199E-14
   4611662.253903970      0.4349412811552863E-14
   4670353.179494770      0.4349406346834139E-14
   4729791.042861386      0.4349403401864337E-14
   4789985.350005553      0.4349396606645248E-14
   4850945.727908392      0.4349393257939444E-14
   4912681.926070055      0.4349386114966436E-14
   4975203.818069020      0.4349382437422455E-14
   5038521.403141130      0.4349375122971267E-14
   5102644.807778811      0.4349371285530076E-14
   5167584.287350662      0.4349363810718324E-14
   5233350.227741545      0.4349359593264524E-14
   5299953.147013648      0.4349351713489480E-14
   5367403.697088696      0.4349347071008712E-14
   5435712.665451457      0.4349338949510181E-14
   5504890.976875057      0.4349334051290454E-14
   5574949.695168169      0.4349325662590678E-14
   5645900.024944517      0.4349320334166102E-14
   5717753.313414776      0.4349311556518666E-14
   5790521.052201390      0.4349305815416253E-14
   5864214.879176483      0.4349296759127227E-14
   5938846.580323050      0.4349290634087723E-14
   6014428.091619946      0.4349281248281990E-14
   6090971.500950869      0.4349274639399126E-14
   6168489.050037518      0.4349264846554144E-14
   6246993.136397485      0.4349257714537713E-14
   6326496.315326983      0.4349247535999405E-14
   6407011.301908894      0.4349239971126952E-14
   6488550.973046233      0.4349229465181894E-14
   6571128.369521611      0.4349221418325393E-14
   6654756.698082916      0.4349210422107929E-14
   6739449.333555405      0.4349201784184918E-14
   6825219.820980805      0.4349190299583188E-14
   6912081.877783641      0.4349181158938415E-14
   7000049.395964999      0.4349169185628192E-14
   7089136.444324343      0.4349159464927090E-14
   7179357.270709604      0.4349146927355449E-14
   7270726.304295780      0.4349136635065784E-14
   7363258.157892674      0.4349123575048986E-14
   7456967.630281917      0.4349112662170895E-14
   7551869.708583825      0.4349098974288457E-14
   7647979.570654225      0.4349087367452010E-14
   7745312.587511918      0.4349073081578093E-14
   7843884.325797045      0.4349060825562940E-14
   7943710.550260589      0.4349045900222197E-14
   8044807.226285706      0.4349032891762960E-14
   8147190.522441152      0.4349017251642821E-14
   8250876.813067042      0.4349003487983031E-14
   8355882.680893705      0.4348987135868564E-14
   8462224.919693744      0.4348972576628291E-14
   8569920.536967970      0.4348955451995866E-14
   8678986.756665336      0.4348940058722119E-14
   8789441.021937639      0.4348922136110945E-14
   8901300.997929301      0.4348905858702051E-14
   9014584.574602464      0.4348887068128230E-14
   9129309.869598228      0.4348869861439435E-14
   9245495.231134286      0.4348850188490614E-14
   9363159.240939282      0.4348832030373282E-14
   9482320.717224685      0.4348811408321592E-14
   9602998.717694387      0.4348792215745244E-14
   9725212.542592714      0.4348770588888899E-14
   9848981.737791022      0.4348750338180843E-14
   9974326.097913774      0.4348727673907341E-14
   10101265.66950438      0.4348706302116963E-14
   10229820.75423115      0.4348682525589087E-14
   10360011.91213425      0.4348659975080630E-14
   10491859.96491397      0.4348635039066589E-14
   10625385.99926062      0.4348611251176582E-14
   10760611.37022707      0.4348585082341625E-14
   10897557.70464412      0.4348559986213362E-14
   11036246.90457922      0.4348532527608847E-14
   11176701.15083936      0.4348506070432966E-14
   11318942.90651850      0.4348477258634043E-14
   11462994.92059016      0.4348449367248086E-14
   11608880.23154558      0.4348419123023369E-14
   11756622.17107842      0.4348389719490806E-14
   11906244.36781625      0.4348357963610047E-14
   12057770.75109940      0.4348326974304322E-14
   12211225.55480811      0.4348293633956661E-14
   12366633.32123834      0.4348260983777567E-14
   12524018.90502674      0.4348225974732950E-14
   12683407.47712579      0.4348191574026501E-14
   12844824.52882935      0.4348154805572308E-14
   13008295.87584968      0.4348118562694541E-14
   13173847.66244603      0.4348079942122948E-14
   13341506.36560596      0.4348041764040746E-14
   13511298.79928001      0.4348001197023473E-14
   13683252.11866987      0.4347960988169535E-14
   13857393.82457150      0.4347918372393960E-14
   14033751.76777343      0.4347876027435977E-14
   14212354.15351081      0.4347831252958437E-14
   14393229.54597647      0.4347786661424061E-14
   14576406.87288914      0.4347739616081492E-14
   14761915.43012008      0.4347692664603438E-14
   14949784.88637819      0.4347643232447691E-14
   15140045.28795511      0.4347593799956016E-14
   15332727.06353063      0.4347541853516218E-14
   15527861.02903907      0.4347489808854408E-14
   15725478.39259776      0.4347435215838328E-14
   15925610.75949833      0.4347380429297460E-14
   16128290.13726123      0.4347323055744049E-14
   16333548.94075481      0.4347265387506185E-14
   16541419.99737960      0.4347205084050615E-14
   16751936.55231826      0.4347144381847181E-14
   16965132.27385267      0.4347080995679393E-14
   17181041.25874849      0.4347017107089823E-14
   17399698.03770844      0.4346950482369275E-14
   17621137.58089467      0.4346883243876836E-14
   17845395.30352170      0.4346813209401364E-14
   18072507.07152053      0.4346742444963140E-14
   18302509.20727452      0.4346668821890783E-14
   18535438.49542864      0.4346594352178103E-14
   18771332.18877257      0.4346516956695715E-14
   19010228.01419842      0.4346438592925024E-14
   19252164.17873456      0.4346357228283646E-14
   19497179.37565611      0.4346274768545544E-14
   19745312.79067335      0.4346189227919863E-14
   19996604.10819853      0.4346102461483813E-14
   20251093.51769279      0.4346012528689540E-14
   20508821.72009383      0.4345921234125007E-14
   20769829.93432510      0.4345826681497976E-14
   21034159.90388804      0.4345730626022530E-14
   21301853.90353843      0.4345631213906797E-14
   21572954.74604711      0.4345530152313365E-14
   21847505.78904735      0.4345425628793265E-14
   22125550.94196896      0.4345319303760055E-14
   22407134.67306103      0.4345209404477135E-14
   22692302.01650354      0.4345097545383220E-14
   22981098.57960984      0.4344981992206650E-14
   23273570.55012094      0.4344864314296435E-14
   23569764.70359201      0.4344742814475440E-14
   23869728.41087351      0.4344619017710846E-14
   24173509.64568737      0.4344491263315013E-14
   24481156.99229925      0.4344361033295317E-14
   24792719.65328892      0.4344226702260901E-14
   25108247.45741919      0.4344089709100781E-14
   25427790.86760529      0.4343948461636536E-14
   25751400.98898526      0.4343804356328522E-14
   26079129.57709336      0.4343655834152255E-14
   26411029.04613764      0.4343504250851593E-14
   26747152.47738227      0.4343348079511575E-14
   27087553.62763713      0.4343188635076331E-14
   27432286.93785534      0.4343024420507659E-14
   27781407.54183983      0.4342856710422005E-14
   28134971.27506107      0.4342684037159715E-14
   28493034.68358720      0.4342507636484718E-14
   28855655.03312714      0.4342326069193329E-14
   29222890.31818940      0.4342140532235025E-14
   29594799.27135722      0.4341949613230107E-14
   29971441.37268191      0.4341754470751287E-14
   30352876.85919532      0.4341553718439867E-14
   30739166.73454377      0.4341348477417066E-14
   31130372.77874472      0.4341137386276534E-14
   31526557.55806692      0.4340921529039597E-14
   31927784.43503697      0.4340699567875033E-14
   32334117.57857319      0.4340472550021522E-14
   32745621.97424788      0.4340239160353831E-14
   33162363.43468081      0.4340000409927982E-14
   33584408.61006464      0.4339755005293091E-14
   34011824.99882469      0.4339503921551353E-14
   34444680.95841362      0.4339245885673702E-14
   34883045.71624421      0.4338981837233656E-14
   35326989.38076121      0.4338710522686584E-14
   35776582.95265350      0.4338432846419654E-14
   36231898.33620956      0.4338147573249892E-14
   36693008.35081743      0.4337855572530187E-14
   37159986.74261048      0.4337555626290190E-14
   37632908.19626197      0.4337248569207549E-14
   38111848.34692943      0.4336933199545922E-14
   38596883.79235137      0.4336610317609175E-14
   39088092.10509724      0.4336278736675463E-14
   39585551.84497401      0.4335939222710102E-14
   40089342.57159058      0.4335590602914660E-14
   40599544.85708143      0.4335233609162168E-14
   41116240.29899289      0.4334867081576090E-14
   41639511.53333343      0.4334491717975363E-14
   42169442.24778930      0.4334106370222940E-14
   42706117.19510908      0.4333711702179921E-14
   43249622.20665859      0.4333306576412581E-14
   43800044.20614756      0.4332891622822266E-14
   44357471.22353180      0.4332465713511984E-14
   44921992.40909183      0.4332029444381563E-14
   45493698.04769123      0.4331581695993167E-14
   46072679.57321545      0.4331123030244565E-14
   46659029.58319531      0.4330652335020663E-14
   47252841.85361656      0.4330170138149571E-14
   47854211.35391705      0.4329675333607869E-14
   48463234.26217568      0.4329168415001649E-14
   49080007.98049459      0.4328648281278013E-14
   49704631.15057627      0.4328115391701716E-14
   50337203.66949991      0.4327568649014480E-14
   50977826.70569788      0.4327008477925859E-14
   51626602.71513623      0.4326433783782943E-14
   52283635.45770000      0.4325844956504015E-14
   52949030.01378803      0.4325240902814989E-14
   53622892.80111900      0.4324621977556029E-14
   54305331.59175034      0.4323987087637469E-14
   54996455.52931471      0.4323336552527416E-14
   55696375.14647592      0.4322669278066090E-14
   56405202.38260588      0.4321985547967750E-14
   57123050.60168775      0.4321284265749605E-14
   57850034.61044620      0.4320565679014498E-14
   58586270.67670912      0.4319828687695870E-14
   59331876.54800182      0.4319073502823789E-14
   60086971.47037898      0.4318299019440195E-14
   60851676.20749620      0.4317505411527864E-14
   61626113.05992329      0.4316691567966262E-14
   62410405.88470427      0.4315857625173220E-14
   63204680.11516652      0.4315002464534423E-14
   64009062.78098074      0.4314126184366764E-14
   64823682.52847746      0.4313227657214563E-14
   65648669.64122198      0.4312306942676401E-14
   66484156.06085014      0.4311362903121859E-14
   67330275.40817048      0.4310395558831183E-14
   68187163.00453418      0.4309403760608363E-14
   69054955.89347778      0.4308387488745461E-14
   69933792.86263999      0.4307345581087855E-14
   70823814.46595863      0.4306277977274309E-14
   71725163.04615007      0.4305183500790351E-14
   72637982.75747360      0.4304062049883056E-14
   73562419.58878659      0.4302912432254417E-14
   74498621.38689321      0.4301734504010254E-14
   75446737.88018900      0.4300527055664272E-14
   76406920.70260774      0.4299289900401423E-14
   77379323.41787221      0.4298021810089176E-14
   78364101.54405457      0.4296722554191788E-14
   79361412.57844770      0.4295390884519799E-14
   80371416.02275445      0.4294026525974643E-14
   81394273.40859754      0.4292628208855293E-14
   82430148.32335262      0.4291195612685698E-14
   83479206.43631156      0.4289727444814060E-14
   84541615.52517875      0.4288223338520907E-14
   85617545.50290309      0.4286681976764074E-14
   86707168.44485308      0.4285102945746348E-14
   87810658.61633687      0.4283484902620764E-14
   88928192.50047345      0.4281827385630809E-14
   90059948.82641691      0.4280129024722432E-14
   91206108.59794134      0.4278389309345421E-14
   92366855.12238978      0.4276606840866068E-14
   93542374.03998961      0.4274781059091985E-14
   94732853.35354303      0.4272910535451976E-14
